1       
3    +2
7    +4
9    +2
11   +2
17   +6
25   +8
27   +2
31   +4
33   +2
39   +6
41   +2
43   +2
47   +4
57   +10
71   +14
73   +2
91   +18
97   +6
103  +4
105  +2
107  +2
111  +4
121  +10
123  +2
129  +6
135  +6
137  +2
155  +18
159  +4
161  +2
167  +6
169  +2
171  +2
175  +4
185  +10
219  +34
231  +12
233  +1
251  +1
263  +1
283  +1
297  +1
313  +1
327  +1
377  +1
379  +1
395  +1
411  +1
487  +1
543  +1
703  +1
731  +1
763  +1
859  +1
871  +1
937  +1
1017  +1
1055  +1
1145  +1
1161  +1
1215  +1
1249  +1
1351  +1
1583  +1
1801  +1
2463  +1
2631  +1
2919  +1
3097  +1
3175  +1
3567  +1
3695  +1
3711  +1
3947  +1
4233  +1
4379  +1
4763  +1
5543  +1
5567  +1
6171  +1
6569  +1
6591  +1
6919  +1
6943  +1
7785  +1
7963  +1
8351  +1
8959  +1
9225  +1
9257  +1
9887  +1
10379  +1
10415  +1
11945  +1
12527  +1
